       10.873449       10.980699       10.980699       11.409691       11.409691
       11.409691       12.214053       12.214053       12.178304       12.178304
       12.249803       12.249803       11.695686       11.695686       11.624187
       11.624187       11.499064       11.713561       11.445440       11.445440
       10.819825       10.819825       9.8188410       9.8188410       10.623203
       10.623203       11.105821       11.105821       11.052197       11.338192
       11.338192       10.998572       10.998572       10.569579       10.569579
       10.480206       10.480206       10.998572       10.998572       10.658953
       11.248818       10.658953       11.105821       11.105821       9.9260902
       10.247835       9.9260902       9.6579685       9.6579685       9.8009672
       11.016447       11.016447       11.642062       11.642062       11.910183
       11.910183       12.178304       12.178304       12.071055       12.071055
       12.071055       11.838684       11.838684       11.820809       11.820809
       11.659937       11.659937       11.141570       10.730452       10.730452
       10.730452       10.712577       10.712577       11.195194       11.195194
       11.642062       11.642062       11.767185       11.767185       11.516939
       11.516939       11.588438       11.588438       11.588438       11.248818
       11.248818       11.159445       11.159445       11.320317       11.320317
       10.944948       10.944948       11.087946       11.087946       10.337208
       10.337208       10.086963       10.086963       9.9975882       9.9975882
       11.642062       11.910183       11.910183       12.178304       12.178304
       12.071055       12.071055       12.071055       11.838684       11.838684
       11.820809       11.820809       11.659937       11.659937       11.070071
       11.070071       10.748326       10.730452       10.712577       10.712577
       11.195194       11.195194       11.642062       11.642062       11.767185
       11.767185       11.516939       11.516939       11.588438       11.588438
       11.588438       11.248818       11.248818       11.159445       11.159445
       11.320317       11.320317       10.944948       10.944948       11.087946
       11.087946       10.337208       10.337208       10.086963       9.9975882
       9.9260902       9.9975882       10.122711       10.122711       10.212085
       11.910183       12.178304       12.178304       12.071055       12.071055
       12.071055       11.838684       11.838684       11.820809       11.820809
       11.659937       11.659937       11.070071       11.070071       10.748326
       10.748326       11.070071       10.712577       11.195194       11.195194
       11.642062       11.642062       11.767185       11.767185       11.516939
       11.516939       11.588438       11.588438       11.588438       11.248818
       11.248818       11.159445       11.159445       11.320317       11.320317
       10.944948       10.944948       11.087946       11.087946       10.337208
       10.337208       10.086963       9.9260902       9.9260902       10.122711
       10.051212       10.122711       10.212085       10.212085       10.301459
       12.071055       12.071055       12.071055       11.838684       11.838684
       11.820809       11.820809       11.659937       11.659937       11.070071
       11.070071       10.748326       10.748326       11.070071       11.070071
       11.070071       11.785060       11.642062       11.642062       11.767185
       11.767185       11.516939       11.516939       11.588438       11.588438
       11.588438       11.248818       11.248818       11.159445       11.159445
       11.320317       11.320317       10.944948       10.944948       11.087946
       11.087946       10.337208       10.337208       10.086963       9.9260902
       9.9260902       10.051212       10.051212       10.265709       10.212085
       10.265709       10.301459       10.301459       10.355083       10.426581
       12.071055       11.838684       11.838684       11.820809       11.820809
       11.659937       11.659937       11.070071       11.070071       10.748326
       10.748326       11.070071       11.070071       11.070071       11.785060
       11.785060       11.838684       11.767185       11.767185       11.516939
       11.516939       11.588438       11.588438       11.588438       11.248818
       11.248818       11.159445       11.159445       11.320317       11.320317
       10.944948       10.944948       11.087946       11.087946       10.337208
       10.337208       10.086963       9.9260902       9.9260902       10.051212
       10.051212       10.265709       10.265709       10.426581       10.301459
       10.426581       10.355083       10.426581       10.748326       10.712577
       11.856559       11.856559       11.141570       11.141570       10.730452
       10.730452       10.730452       10.712577       10.712577       11.195194
       11.195194       11.642062       11.642062       11.767185       11.767185
       11.516939       11.516939       11.034322       11.034322       11.105821
       11.105821       11.266693       11.266693       11.266693       11.266693
       11.427567       11.427567       10.766202       10.766202       10.623203
       10.641078       10.337208       10.086963       10.086963       9.9975882
       9.9975882       10.122711       10.122711       10.212085       10.212085
       10.301459       10.301459       10.355083       10.426581       10.980699
       10.748326       10.819825       10.819825       10.962823       10.962823
       12.124680       12.124680       12.231928       12.231928       10.480206
       10.480206       10.480206       9.6043444       9.6043444       9.6758432
       9.6758432       11.087946       11.087946       12.035306       12.035306
       12.160429       12.160429       12.214053       12.214053       12.106806
       12.106806       12.088930       12.088930       12.303427       12.303427
       12.071055       12.071055       11.552689       11.552689       11.552689
       12.035306       12.035306       12.017431       12.017431       11.945932
       11.945932       11.963808       11.963808       11.552689       11.552689
       10.962823       10.962823       11.070071       11.070071       11.123695
       11.070071       11.463315       11.463315       11.034322       11.034322
       11.141570       11.141570       10.730452       10.730452       10.730452
       10.712577       10.712577       11.195194       11.195194       11.642062
       11.642062       11.767185       11.767185       11.516939       11.516939
       11.588438       11.588438       11.105821       11.105821       11.266693
       11.266693       11.266693       11.266693       11.427567       11.427567
       10.766202       10.766202       10.623203       10.641078       10.337208
       10.086963       10.086963       9.9975882       9.9975882       10.122711
       10.122711       10.212085       10.212085       10.301459       10.301459
       10.355083       10.426581       10.748326       10.712577       10.819825
       10.819825       10.962823       10.962823       11.266693       11.266693
       12.231928       12.231928       10.480206       10.480206       10.480206
       9.6043444       9.6043444       9.6758432       9.6758432       11.087946
       11.087946       12.035306       12.035306       12.160429       12.160429
       12.106806       12.106806       12.106806       12.106806       12.088930
       12.088930       12.303427       12.303427       12.071055       12.071055
       11.552689       11.552689       11.552689       12.035306       12.035306
       12.017431       12.017431       11.945932       11.945932       11.963808
       11.963808       11.552689       11.552689       10.962823       10.962823
       11.070071       11.070071       11.070071       11.373941       11.463315
       11.373941       11.034322       11.034322       10.801950       10.801950
       10.730452       10.730452       10.712577       10.712577       11.195194
       11.195194       11.642062       11.642062       11.767185       11.767185
       11.516939       11.516939       11.588438       11.588438       11.588438
       11.248818       11.248818       11.266693       11.266693       11.266693
       11.427567       11.427567       10.766202       10.766202       10.623203
       10.641078       10.337208       10.086963       10.086963       9.9975882
       9.9975882       10.122711       10.122711       10.212085       10.212085
       10.301459       10.301459       10.355083       10.426581       10.748326
       10.712577       10.819825       10.980699       10.980699       11.266693
       11.248818       11.266693       11.320317       11.320317       11.373941
       10.480206       10.480206       9.6043444       9.6043444       9.6758432
       9.6758432       11.087946       11.087946       12.035306       12.035306
       12.160429       12.160429       12.106806       12.106806       12.106806
       12.106806       12.106806       12.088930       12.303427       12.303427
       12.071055       12.071055       11.552689       11.552689       11.552689
       12.035306       12.035306       12.017431       12.017431       11.945932
       11.945932       11.963808       11.963808       11.552689       11.552689
       10.962823       10.962823       11.070071       11.070071       11.070071
       11.373941       11.373941       11.034322       11.034322       10.801950
       10.712577       10.801950       10.819825       10.819825       10.569579
       10.712577       10.712577       11.195194       11.195194       11.642062
       11.642062       11.767185       11.767185       11.516939       11.516939
       11.588438       11.588438       11.588438       11.248818       11.248818
       11.159445       11.159445       11.266693       11.427567       11.427567
       10.766202       10.766202       10.623203       10.641078       10.337208
       10.086963       10.086963       9.9975882       9.9975882       10.122711
       10.122711       10.212085       10.212085       10.301459       10.301459
       10.355083       10.426581       10.748326       10.712577       10.819825
       10.980699       10.980699       11.248818       11.248818       11.320317
       11.213069       11.320317       11.373941       11.391816       11.588438
       9.6043444       9.6043444       9.6758432       9.6758432       11.087946
       11.087946       12.035306       12.035306       12.160429       12.160429
       12.106806       12.106806       12.106806       12.106806       12.106806
       12.392800       12.392800       12.303427       12.071055       12.071055
       11.552689       11.552689       11.552689       12.035306       12.035306
       12.017431       12.017431       11.945932       11.945932       11.963808
       11.963808       11.552689       11.552689       10.962823       10.962823
       11.070071       11.070071       11.070071       11.373941       11.373941
       11.034322       11.034322       10.712577       10.712577       10.819825
       10.641078       10.819825       10.569579       10.569579       10.569579
       11.087946       9.6222191       9.6222191       9.5149708       9.5149708
       10.301459       10.301459       10.301459       11.749310       11.749310
       12.142553       12.142553       12.303427       12.303427       12.303427
       12.303427       12.374925       12.374925       12.374925       12.374925
       11.963808       11.963808       11.963808       11.963808       12.124680
       12.124680       11.910183       11.910183       11.928058       11.928058
       11.820809       11.820809       11.820809       11.338192       11.338192
       10.837701       10.837701       10.712577       10.712577       10.962823
       10.962823       10.927073       10.927073       10.641078       10.605330
       10.641078       10.605330       10.390833       10.390833       10.480206
       11.195194       11.642062       11.642062       11.767185       11.767185
       11.516939       11.516939       11.588438       11.588438       11.588438
       11.248818       11.248818       11.159445       11.159445       11.320317
       11.320317       10.944948       10.766202       10.766202       10.623203
       10.641078       10.337208       10.086963       10.086963       9.9975882
       9.9975882       10.122711       10.122711       10.212085       10.212085
       10.301459       10.301459       10.355083       10.426581       10.748326
       10.712577       10.819825       10.980699       10.980699       11.248818
       11.248818       11.213069       11.213069       11.177320       11.391816
       11.177320       11.588438       11.910183       11.802935       11.910183
       9.5149708       9.5149708       10.301459       10.301459       10.301459
       11.749310       11.749310       12.142553       12.142553       12.303427
       12.303427       12.303427       12.303427       12.374925       12.374925
       12.303427       12.303427       11.963808       11.963808       11.963808
       11.963808       12.124680       12.124680       11.910183       11.910183
       11.928058       11.928058       11.820809       11.820809       11.820809
       11.338192       11.338192       10.837701       10.837701       10.712577
       10.712577       10.962823       10.962823       10.927073       10.927073
       10.641078       10.641078       10.444456       10.444456       10.390833
       10.444456       10.480206       10.480206       10.498080       10.498080
       11.052197       11.338192       11.338192       10.998572       10.998572
       10.569579       10.569579       10.480206       10.480206       10.998572
       10.998572       10.658953       11.248818       10.658953       11.105821
       11.105821       10.247835       9.9260902       9.9260902       9.6579685
       9.6579685       9.8009672       9.6579685       9.9797134       10.140586
       10.444456       10.301459       10.498080       10.515955       10.515955
       10.909200       10.909200       11.141570       11.141570       10.855575
       10.855575       10.873449       11.213069       11.248818       11.070071
       11.427567       11.516939       11.677812       11.856559       11.910183
       11.856559       11.677812       11.677812       11.481190       11.785060
       10.301459       10.301459       10.301459       11.749310       11.749310
       12.142553       12.142553       12.303427       12.303427       12.303427
       12.303427       12.374925       12.374925       12.303427       12.303427
       12.303427       12.160429       11.963808       11.963808       12.124680
       12.124680       11.910183       11.910183       11.928058       11.928058
       11.820809       11.820809       11.820809       11.338192       11.338192
       10.837701       10.837701       10.712577       10.712577       10.962823
       10.962823       10.927073       10.927073       10.641078       10.641078
       10.444456       10.444456       10.444456       10.498080       10.480206
       10.498080       10.498080       10.498080       10.372957       10.372957
       10.998572       10.998572       10.569579       10.569579       10.480206
       10.480206       10.998572       10.998572       10.658953       11.248818
       10.658953       11.105821       11.105821       10.247835       10.247835
       9.9618387       9.9618387       9.6579685       9.8009672       9.6579685
       9.9797134       10.140586       10.444456       10.301459       10.498080
       10.515955       10.515955       10.909200       10.909200       11.141570
       11.141570       10.855575       10.855575       10.873449       11.213069
       11.248818       11.070071       11.427567       11.516939       11.677812
       11.856559       11.856559       11.767185       11.767185       11.481190
       11.820809       11.785060       11.606313       11.302443       11.463315
       11.749310       11.749310       12.142553       12.142553       12.303427
       12.303427       12.303427       12.303427       12.374925       12.374925
       12.303427       12.303427       12.303427       12.160429       12.160429
       12.142553       12.142553       12.124680       11.910183       11.910183
       11.928058       11.928058       11.820809       11.820809       11.820809
       11.338192       11.338192       10.837701       10.837701       10.712577
       10.712577       10.962823       10.962823       10.927073       10.927073
       10.641078       10.641078       10.444456       10.444456       10.444456
       10.498080       10.498080       10.498080       10.498080       10.372957
       10.372957       10.372957       10.265709       10.265709       10.390833
       10.569579       10.569579       10.480206       10.480206       10.998572
       10.998572       10.658953       11.248818       10.658953       11.105821
       11.105821       10.247835       10.247835       9.9618387       9.9618387
       9.8188410       9.8188410       9.6579685       9.9797134       10.140586
       10.444456       10.301459       10.498080       10.515955       10.515955
       10.909200       10.909200       11.141570       11.141570       10.855575
       10.855575       10.873449       11.213069       11.248818       11.070071
       11.427567       11.516939       11.677812       11.856559       11.856559
       11.767185       11.767185       11.820809       11.820809       11.606313
       11.785060       11.302443       11.463315       11.427567       11.463315
       11.588438       11.588438       11.588438       11.248818       11.248818
       11.159445       11.159445       11.320317       11.320317       10.944948
       10.944948       11.087946       11.087946       10.337208       10.337208
       10.086963       9.9260902       9.9975882       9.9975882       10.122711
       10.122711       10.212085       10.212085       10.301459       10.301459
       10.355083       10.426581       10.748326       10.712577       10.819825
       10.980699       10.980699       11.248818       11.248818       11.213069
       11.213069       11.177320       11.177320       11.802935       11.802935
       11.910183       11.838684       11.910183       11.070071       10.962823
       10.980699       11.087946       11.087946       11.373941       11.373941
       12.142553       12.142553       12.303427       12.303427       12.303427
       12.303427       12.374925       12.374925       12.303427       12.303427
       12.303427       12.160429       12.160429       12.142553       12.142553
       12.124680       12.124680       11.910183       11.928058       11.928058
       11.820809       11.820809       11.820809       11.338192       11.338192
       10.837701       10.837701       10.712577       10.712577       10.962823
       10.962823       10.927073       10.927073       10.641078       10.641078
       10.444456       10.444456       10.444456       10.498080       10.498080
       10.498080       10.498080       10.372957       10.372957       10.265709
       10.426581       10.265709       10.390833       10.390833       10.390833
       11.713561       11.713561       12.214053       12.214053       12.142553
       12.142553       12.142553       12.124680       12.124680       12.214053
       12.214053       12.017431       12.017431       12.071055       12.071055
       11.963808       11.963808       12.088930       12.088930       11.928058
       11.928058       11.838684       11.838684       11.731436       11.731436
       11.552689       11.552689       11.213069       11.213069       10.766202
       10.766202       10.766202       10.766202       10.766202       10.641078
       10.641078       10.533831       10.533831       10.498080       10.498080
       10.372957       10.372957       10.265709       10.265709       10.265709
       10.104836       10.212085       10.212085       10.301459       10.301459
       11.248818       11.248818       11.159445       11.159445       11.320317
       11.320317       10.944948       10.944948       11.087946       11.087946
       10.337208       10.337208       10.086963       9.9260902       9.9260902
       10.051212       10.051212       10.122711       10.212085       10.212085
       10.301459       10.301459       10.355083       10.426581       10.748326
       10.712577       10.819825       10.980699       10.980699       11.248818
       11.248818       11.213069       11.213069       11.177320       11.177320
       11.802935       11.802935       11.910183       11.838684       11.910183
       11.070071       10.980699       10.998572       11.087946       11.373941
       11.499064       11.373941       11.785060       11.785060       11.624187
       11.874434       11.284568       11.284568       11.177320       11.177320
       11.177320       11.463315       11.463315       11.427567       11.427567
       11.302443       11.302443       10.247835       10.247835       9.6937180
       9.6937180       9.8724661       9.8545914       10.176335       10.176335
       10.444456       10.444456       10.408707       10.408707       10.390833
       10.390833       10.498080       10.498080       11.052197       11.052197
       11.141570       10.980699       11.105821       11.034322       11.034322
       11.481190       11.481190       11.695686       11.695686       11.659937
       11.659937       11.499064       11.499064       11.642062       11.552689
       11.642062       11.499064       11.802935       11.856559       11.802935
       12.214053       12.142553       12.142553       12.142553       12.124680
       12.124680       12.214053       12.214053       12.017431       12.017431
       12.071055       12.071055       11.963808       11.963808       11.838684
       11.838684       11.838684       11.928058       11.838684       11.838684
       11.731436       11.731436       11.552689       11.552689       11.213069
       11.213069       10.766202       10.766202       10.766202       10.766202
       10.766202       10.641078       10.641078       10.533831       10.533831
       10.498080       10.498080       10.372957       10.372957       10.265709
       10.265709       10.104836       10.104836       10.265709       10.301459
       10.265709       10.301459       10.676828       10.676828       11.034322
       11.284568       11.177320       11.177320       11.177320       11.463315
       11.463315       11.427567       11.427567       11.302443       11.302443
       10.247835       10.247835       9.6937180       9.6937180       9.8724661
       9.8724661       10.176335       10.176335       10.444456       10.444456
       10.408707       10.408707       10.390833       10.390833       10.498080
       10.498080       11.052197       11.052197       11.141570       10.980699
       11.105821       11.034322       11.034322       11.481190       11.481190
       11.695686       11.695686       11.659937       11.659937       11.499064
       11.499064       11.642062       11.642062       11.552689       11.802935
       11.642062       11.856559       11.802935       11.802935       11.928058
       11.749310       11.338192       11.338192       10.766202       10.766202
       10.801950       10.801950       11.481190       11.481190       11.159445
       11.159445       11.159445       10.104836       10.104836       9.6937180
       9.6937180       10.140586       10.051212       10.051212       10.498080
       10.498080       10.712577       10.712577       10.712577       11.016447
       11.016447       11.087946       11.087946       10.748326       10.748326
       10.962823       10.962823       11.356068       11.356068       11.624187
       11.624187       11.677812       11.677812       11.713561       11.749310
       11.749310       11.856559       11.856559       11.534814       11.624187
       11.534814       12.035306       12.035306       12.178304       12.178304
       12.142553       12.142553       12.124680       12.124680       12.214053
       12.214053       12.017431       12.017431       12.071055       12.071055
       11.963808       11.963808       11.838684       11.838684       11.838684
       11.856559       11.856559       11.838684       11.731436       11.731436
       11.552689       11.552689       11.213069       11.213069       10.766202
       10.766202       10.766202       10.766202       10.766202       10.641078
       10.641078       10.533831       10.533831       10.498080       10.498080
       10.372957       10.372957       10.265709       10.265709       10.104836
       10.104836       10.265709       10.265709       10.265709       10.676828
       10.480206       10.676828       11.034322       11.034322       11.373941
       10.927073       10.927073       11.016447       11.016447       11.606313
       11.606313       11.606313       10.980699       10.980699       9.7652168
       9.7652168       9.6222191       9.6222191       10.051212       10.051212
       10.498080       10.498080       10.515955       10.515955       10.676828
       10.676828       10.873449       10.873449       11.087946       11.087946
       10.766202       10.766202       11.016447       11.016447       11.320317
       11.320317       11.356068       11.677812       11.642062       11.713561
       11.713561       11.713561       11.713561       11.713561       11.713561
       11.624187       11.624187       12.035306       12.035306       11.874434
       12.178304       11.874434       11.802935       12.267677       11.981682
