      8.71061
      8.71061
      8.71061
      8.67486
      8.67486
      8.62124
      8.62124
      8.60336
      8.60336
      8.60336
      8.60336
      8.60336
      8.60336
      8.60336
      8.63911
      8.63911
      8.63911
      8.65699
      8.65699
      8.63911
      8.63911
      8.63911
      8.63911
      8.63911
      8.63911
      8.63911
      8.63911
      8.63911
      8.65699
      8.65699
      8.63911
      8.63911
      8.62124
      8.62124
      8.62124
      8.62124
      8.62124
      8.60336
      8.60336
      8.60336
      8.60336
      8.60336
      8.60336
      8.60336
      8.60336
      8.60336
      8.60336
      8.60336
      8.60336
      8.62124
