       34.073925       34.051586       34.029251       34.006920       33.984596
       33.962273       33.939953       33.917641       33.895329       33.873020
       33.850719       33.828419       33.806122       33.783829       33.761536
       33.739250       33.716965       33.721733       33.699451       33.677174
       33.654900       33.632626       33.610355       33.588089       33.565823
       33.543560       33.521297       33.499039       33.476784       33.454529
       33.432274       33.410023       33.387772       33.365520       33.343273
       33.321026       33.298782       33.276535       33.254292       33.232052
       33.209808       33.187565       33.165325       33.143085       33.125629
       33.120842       33.103390       33.081150       33.058914       33.036674
       33.992619       33.970291       33.947968       33.925644       33.903328
       33.881016       33.858704       33.836399       33.814095       33.791798
       33.769501       33.747208       33.724918       33.702629       33.680347
       33.658066       33.635788       33.640575       33.618298       33.596027
       33.573753       33.551487       33.529221       33.506958       33.484695
       33.462433       33.440178       33.417919       33.395664       33.373409
       33.351158       33.328907       33.306656       33.284409       33.262161
       33.239914       33.217667       33.195423       33.173176       33.150932
       33.128689       33.106445       33.084202       33.061958       33.044525
       33.039715       33.022282       33.000038       32.977795       32.955551
       33.925644       33.903328       33.881016       33.858704       33.836399
       33.814095       33.791798       33.769501       33.747208       33.724918
       33.702629       33.680347       33.658066       33.635788       33.613510
       33.591236       33.568966       33.573753       33.551487       33.529221
       33.506958       33.484695       33.462433       33.440178       33.417919
       33.395664       33.373409       33.351158       33.328907       33.306656
       33.284409       33.262161       33.239914       33.217667       33.195423
       33.173176       33.150932       33.128689       33.106445       33.084202
       33.061958       33.039715       33.017471       32.995228       32.977795
       32.972980       32.955551       32.933308       32.911064       32.888821
       33.881016       33.858704       33.836399       33.814095       33.791798
       33.769501       33.747208       33.724918       33.702629       33.680347
       33.658066       33.635788       33.613510       33.591236       33.568966
       33.546696       33.524429       33.529221       33.506958       33.484695
       33.462433       33.440178       33.417919       33.395664       33.373409
       33.351158       33.328907       33.306656       33.284409       33.262161
       33.239914       33.217667       33.195423       33.173176       33.150932
       33.128689       33.106445       33.084202       33.061958       33.039715
       33.017471       32.995228       32.972980       32.950737       32.933308
       32.928493       32.911064       32.888821       32.866573       32.844326
       33.814095       33.791798       33.769501       33.747208       33.724918
       33.702629       33.680347       33.658066       33.635788       33.613510
       33.591236       33.568966       33.546696       33.524429       33.502163
       33.479900       33.457638       33.462433       33.440178       33.417919
       33.395664       33.373409       33.351158       33.328907       33.306656
       33.284409       33.262161       33.239914       33.217667       33.195423
       33.173176       33.150932       33.128689       33.106445       33.084202
       33.061958       33.039715       33.017471       32.995228       32.972980
       32.950737       32.928493       32.906246       32.883999       32.866573
       32.861752       32.844326       32.822079       32.799831       32.777580
       33.769501       33.747208       33.724918       33.702629       33.680347
       33.658066       33.635788       33.613510       33.591236       33.568966
       33.546696       33.524429       33.502163       33.479900       33.457638
       33.435379       33.413120       33.417919       33.395664       33.373409
       33.351158       33.328907       33.306656       33.284409       33.262161
       33.239914       33.217667       33.195423       33.173176       33.150932
       33.128689       33.106445       33.084202       33.061958       33.039715
       33.017471       32.995228       32.972980       32.950737       32.928493
       32.906246       32.883999       32.861752       32.839504       32.822079
       32.817257       32.799831       32.777580       32.755329       32.733078
       33.707417       33.685131       33.662853       33.640575       33.618298
       33.596027       33.573753       33.551487       33.529221       33.506958
       33.484695       33.462433       33.440178       33.417919       33.395664
       33.373409       33.351158       33.355953       33.333702       33.311455
       33.289207       33.266960       33.244713       33.222469       33.200222
       33.177979       33.155735       33.133495       33.111252       33.089008
       33.066765       33.044525       33.022282       33.000038       32.977795
       32.955551       32.933308       32.911064       32.888821       32.866573
       32.844326       32.822079       32.799831       32.777580       32.760147
       32.755329       32.737896       32.715645       32.693390       32.671135
       33.625217       33.602917       33.580612       33.558315       33.536018
       33.513725       33.491432       33.469143       33.446854       33.424568
       33.402287       33.380005       33.357723       33.335445       33.313168
       33.290890       33.268616       33.273525       33.251251       33.228981
       33.206711       33.184441       33.162170       33.139904       33.117638
       33.095367       33.073101       33.050835       33.028568       33.006302
       32.984035       32.961769       32.939503       32.917233       32.894966
       32.872700       32.850430       32.828159       32.805889       32.783619
       32.761345       32.739071       32.716797       32.694519       32.677193
       32.672241       32.654915       32.632633       32.610355       32.588070
       33.662853       33.640575       33.618298       33.596027       33.573753
       33.551487       33.529221       33.506958       33.484695       33.462433
       33.440178       33.417919       33.395664       33.373409       33.351158
       33.328907       33.306656       33.311455       33.289207       33.266960
       33.244713       33.222469       33.200222       33.177979       33.155735
       33.133495       33.111252       33.089008       33.066765       33.044525
       33.022282       33.000038       32.977795       32.955551       32.933308
       32.911064       32.888821       32.866573       32.844326       32.822079
       32.799831       32.777580       32.755329       32.733078       32.715645
       32.710823       32.693390       32.671135       32.648876       32.626617
       33.580612       33.558315       33.536018       33.513725       33.491432
       33.469143       33.446854       33.424568       33.402287       33.380005
       33.357723       33.335445       33.313168       33.290890       33.268616
       33.246342       33.224068       33.228981       33.206711       33.184441
       33.162170       33.139904       33.117638       33.095367       33.073101
       33.050835       33.028568       33.006302       32.984035       32.961769
       32.939503       32.917233       32.894966       32.872700       32.850430
       32.828159       32.805889       32.783619       32.761345       32.739071
       32.716797       32.694519       32.672241       32.649963       32.632633
       32.627682       32.610355       32.588070       32.565788       32.543499
       33.596027       33.573753       33.551487       33.529221       33.506958
       33.484695       33.462433       33.440178       33.417919       33.395664
       33.373409       33.351158       33.328907       33.306656       33.284409
       33.262161       33.239914       33.244713       33.222469       33.200222
       33.177979       33.155735       33.133495       33.111252       33.089008
       33.066765       33.044525       33.022282       33.000038       32.977795
       32.955551       32.933308       32.911064       32.888821       32.866573
       32.844326       32.822079       32.799831       32.777580       32.755329
       32.733078       32.710823       32.688568       32.666309       32.648876
       32.644051       32.626617       32.604355       32.582092       32.559826
       33.513725       33.491432       33.469143       33.446854       33.424568
       33.402287       33.380005       33.357723       33.335445       33.313168
       33.290890       33.268616       33.246342       33.224068       33.201794
       33.179523       33.157253       33.162170       33.139904       33.117638
       33.095367       33.073101       33.050835       33.028568       33.006302
       32.984035       32.961769       32.939503       32.917233       32.894966
       32.872700       32.850430       32.828159       32.805889       32.783619
       32.761345       32.739071       32.716797       32.694519       32.672241
       32.649963       32.627682       32.605400       32.583115       32.565788
       32.560829       32.543499       32.521214       32.498920       32.476627
       33.551487       33.529221       33.506958       33.484695       33.462433
       33.440178       33.417919       33.395664       33.373409       33.351158
       33.328907       33.306656       33.284409       33.262161       33.239914
       33.217667       33.195423       33.200222       33.177979       33.155735
       33.133495       33.111252       33.089008       33.066765       33.044525
       33.022282       33.000038       32.977795       32.955551       32.933308
       32.911064       32.888821       32.866573       32.844326       32.822079
       32.799831       32.777580       32.755329       32.733078       32.710823
       32.688568       32.666309       32.644051       32.621788       32.604355
       32.599525       32.582092       32.559826       32.537556       32.515285
       33.469143       33.446854       33.424568       33.402287       33.380005
       33.357723       33.335445       33.313168       33.290890       33.268616
       33.246342       33.224068       33.201794       33.179523       33.157253
       33.134983       33.112713       33.117638       33.095367       33.073101
       33.050835       33.028568       33.006302       32.984035       32.961769
       32.939503       32.917233       32.894966       32.872700       32.850430
       32.828159       32.805889       32.783619       32.761345       32.739071
       32.716797       32.694519       32.672241       32.649963       32.627682
       32.605400       32.583115       32.560829       32.538540       32.521214
       32.516251       32.498920       32.476627       32.454330       32.432034
       33.454411       33.432117       33.409828       33.387539       33.365253
       33.342968       33.320683       33.298401       33.276119       33.253838
       33.231560       33.209282       33.187004       33.164726       33.142452
       33.120178       33.097904       33.102848       33.080574       33.058304
       33.036030       33.013760       32.991486       32.969215       32.946941
       32.924671       32.902397       32.880127       32.857853       32.835575
       32.813301       32.791027       32.768749       32.746471       32.724190
       32.701912       32.679630       32.657345       32.635059       32.612774
       32.590485       32.568195       32.545902       32.523609       32.506298
       32.501312       32.484005       32.461704       32.439404       32.417099
       33.484695       33.462433       33.440178       33.417919       33.395664
       33.373409       33.351158       33.328907       33.306656       33.284409
       33.262161       33.239914       33.217667       33.195423       33.173176
       33.150932       33.128689       33.133495       33.111252       33.089008
       33.066765       33.044525       33.022282       33.000038       32.977795
       32.955551       32.933308       32.911064       32.888821       32.866573
       32.844326       32.822079       32.799831       32.777580       32.755329
       32.733078       32.710823       32.688568       32.666309       32.644051
       32.621788       32.599525       32.577263       32.554993       32.537556
       32.532726       32.515285       32.493015       32.470737       32.448460
       33.387539       33.365253       33.342968       33.320683       33.298401
       33.276119       33.253838       33.231560       33.209282       33.187004
       33.164726       33.142452       33.120178       33.097904       33.075630
       33.053356       33.031082       33.036030       33.013760       32.991486
       32.969215       32.946941       32.924671       32.902397       32.880127
       32.857853       32.835575       32.813301       32.791027       32.768749
       32.746471       32.724190       32.701912       32.679630       32.657345
       32.635059       32.612774       32.590485       32.568195       32.545902
       32.523609       32.501312       32.479015       32.456715       32.439404
       32.434410       32.417099       32.394791       32.372482       32.350170
       33.476784       33.454529       33.432274       33.410023       33.387772
       33.365520       33.343273       33.321026       33.298782       33.276535
       33.254292       33.232052       33.209808       33.187565       33.165325
       33.143085       33.120842       33.125629       33.103390       33.081150
       33.058914       33.036674       33.014435       32.992195       32.969955
       32.947716       32.925472       32.903233       32.880989       32.858746
       32.836502       32.814259       32.792011       32.769764       32.747517
       32.725266       32.703014       32.680759       32.658504       32.636250
       32.613987       32.591728       32.569466       32.547199       32.529743
       32.524933       32.507473       32.485203       32.462929       32.440651
       33.342968       33.320683       33.298401       33.276119       33.253838
       33.231560       33.209282       33.187004       33.164726       33.142452
       33.120178       33.097904       33.075630       33.053356       33.031082
       33.008808       32.986534       32.991486       32.969215       32.946941
       32.924671       32.902397       32.880127       32.857853       32.835575
       32.813301       32.791027       32.768749       32.746471       32.724190
       32.701912       32.679630       32.657345       32.635059       32.612774
       32.590485       32.568195       32.545902       32.523609       32.501312
       32.479015       32.456715       32.434410       32.412106       32.394791
       32.389793       32.372482       32.350170       32.327854       32.305538
       33.410023       33.387772       33.365520       33.343273       33.321026
       33.298782       33.276535       33.254292       33.232052       33.209808
       33.187565       33.165325       33.143085       33.120842       33.098602
       33.076363       33.054123       33.058914       33.036674       33.014435
       32.992195       32.969955       32.947716       32.925472       32.903233
       32.880989       32.858746       32.836502       32.814259       32.792011
       32.769764       32.747517       32.725266       32.703014       32.680759
       32.658504       32.636250       32.613987       32.591728       32.569466
       32.547199       32.524933       32.502663       32.480389       32.462929
       32.458115       32.440651       32.418373       32.396091       32.373806
       33.276119       33.253838       33.231560       33.209282       33.187004
       33.164726       33.142452       33.120178       33.097904       33.075630
       33.053356       33.031082       33.008808       32.986534       32.964260
       32.941986       32.919712       32.924671       32.902397       32.880127
       32.857853       32.835575       32.813301       32.791027       32.768749
       32.746471       32.724190       32.701912       32.679630       32.657345
       32.635059       32.612774       32.590485       32.568195       32.545902
       32.523609       32.501312       32.479015       32.456715       32.434410
       32.412106       32.389793       32.367485       32.345169       32.327854
       32.322853       32.305538       32.283215       32.260891       32.238564
       33.365520       33.343273       33.321026       33.298782       33.276535
       33.254292       33.232052       33.209808       33.187565       33.165325
       33.143085       33.120842       33.098602       33.076363       33.054123
       33.031883       33.009644       33.014435       32.992195       32.969955
       32.947716       32.925472       32.903233       32.880989       32.858746
       32.836502       32.814259       32.792011       32.769764       32.747517
       32.725266       32.703014       32.680759       32.658504       32.636250
       32.613987       32.591728       32.569466       32.547199       32.524933
       32.502663       32.480389       32.458115       32.435837       32.418373
       32.413555       32.396091       32.373806       32.351517       32.329224
       33.328907       33.306656       33.284409       33.262161       33.239914
       33.217667       33.195423       33.173176       33.150932       33.128689
       33.106445       33.084202       33.061958       33.039715       33.017471
       32.995228       32.972980       32.977795       32.955551       32.933308
       32.911064       32.888821       32.866573       32.844326       32.822079
       32.799831       32.777580       32.755329       32.733078       32.710823
       32.688568       32.666309       32.644051       32.621788       32.599525
       32.577263       32.554993       32.532726       32.510452       32.488178
       32.465904       32.443623       32.421341       32.399055       32.381611
       32.376770       32.359322       32.337029       32.314732       32.292435
       33.231560       33.209282       33.187004       33.164726       33.142452
       33.120178       33.097904       33.075630       33.053356       33.031082
       33.008808       32.986534       32.964260       32.941986       32.919712
       32.897438       32.875164       32.880127       32.857853       32.835575
       32.813301       32.791027       32.768749       32.746471       32.724190
       32.701912       32.679630       32.657345       32.635059       32.612774
       32.590485       32.568195       32.545902       32.523609       32.501312
       32.479015       32.456715       32.434410       32.412106       32.389793
       32.367485       32.345169       32.322853       32.300533       32.283215
       32.278210       32.260891       32.238564       32.216232       32.193897
       33.194431       33.172146       33.149864       33.127586       33.105305
       33.083023       33.060745       33.038464       33.016186       32.993908
       32.971626       32.949348       32.927071       32.904789       32.882511
       32.860229       32.837948       32.842934       32.820656       32.798374
       32.776093       32.753811       32.731525       32.709240       32.686954
       32.664665       32.642376       32.620087       32.597794       32.575500
       32.553204       32.530907       32.508606       32.486301       32.463997
       32.441689       32.419380       32.397068       32.374752       32.352436
       32.330116       32.307793       32.285465       32.263134       32.245838
       32.240803       32.223503       32.201164       32.178825       32.156479
       33.262161       33.239914       33.217667       33.195423       33.173176
       33.150932       33.128689       33.106445       33.084202       33.061958
       33.039715       33.017471       32.995228       32.972980       32.950737
       32.928493       32.906246       32.911064       32.888821       32.866573
       32.844326       32.822079       32.799831       32.777580       32.755329
       32.733078       32.710823       32.688568       32.666309       32.644051
       32.621788       32.599525       32.577263       32.554993       32.532726
       32.510452       32.488178       32.465904       32.443623       32.421341
       32.399055       32.376770       32.354477       32.332184       32.314732
       32.309887       32.292435       32.270130       32.247826       32.225513
       33.252544       33.230293       33.208046       33.185799       33.163551
       33.141304       33.119057       33.096809       33.074562       33.052319
       33.030071       33.007824       32.985580       32.963333       32.941086
       32.918839       32.896591       32.901421       32.879173       32.856926
       32.834675       32.812428       32.790176       32.767921       32.745667
       32.723412       32.701157       32.678898       32.656639       32.634377
       32.612114       32.589848       32.567577       32.545311       32.523037
       32.500763       32.478485       32.456207       32.433922       32.411640
       32.389351       32.367058       32.344765       32.322468       32.305031
       32.300167       32.282730       32.260422       32.238113       32.215801
       33.127586       33.105305       33.083023       33.060745       33.038464
       33.016186       32.993908       32.971626       32.949348       32.927071
       32.904789       32.882511       32.860229       32.837948       32.815666
       32.793381       32.771099       32.776093       32.753811       32.731525
       32.709240       32.686954       32.664665       32.642376       32.620087
       32.597794       32.575500       32.553204       32.530907       32.508606
       32.486301       32.463997       32.441689       32.419380       32.397068
       32.374752       32.352436       32.330116       32.307793       32.285465
       32.263134       32.240803       32.218464       32.196125       32.178825
       32.173782       32.156479       32.134129       32.111778       32.089420
       33.208046       33.185799       33.163551       33.141304       33.119057
       33.096809       33.074562       33.052319       33.030071       33.007824
       32.985580       32.963333       32.941086       32.918839       32.896591
       32.874340       32.852093       32.856926       32.834675       32.812428
       32.790176       32.767921       32.745667       32.723412       32.701157
       32.678898       32.656639       32.634377       32.612114       32.589848
       32.567577       32.545311       32.523037       32.500763       32.478485
       32.456207       32.433922       32.411640       32.389351       32.367058
       32.344765       32.322468       32.300167       32.277863       32.260422
       32.255558       32.238113       32.215801       32.193485       32.171165
       33.193558       33.171307       33.149055       33.126804       33.104557
       33.082306       33.060055       33.037804       33.015556       32.993305
       32.971054       32.948803       32.926552       32.904301       32.882050
       32.859795       32.837543       32.842400       32.820145       32.797890
       32.775635       32.753380       32.731121       32.708862       32.686600
       32.664337       32.642075       32.619808       32.597538       32.575268
       32.552998       32.530724       32.508446       32.486168       32.463886
       32.441601       32.419315       32.397026       32.374733       32.352436
       32.330139       32.307835       32.285530       32.263222       32.245800
       32.240910       32.223488       32.201168       32.178848       32.156521
       33.083023       33.060745       33.038464       33.016186       32.993908
       32.971626       32.949348       32.927071       32.904789       32.882511
       32.860229       32.837948       32.815666       32.793381       32.771099
       32.748814       32.726528       32.731525       32.709240       32.686954
       32.664665       32.642376       32.620087       32.597794       32.575500
       32.553204       32.530907       32.508606       32.486301       32.463997
       32.441689       32.419380       32.397068       32.374752       32.352436
       32.330116       32.307793       32.285465       32.263134       32.240803
       32.218464       32.196125       32.173782       32.151436       32.134129
       32.129082       32.111778       32.089420       32.067059       32.044693
       33.131645       33.109398       33.087147       33.064899       33.042648
       33.020401       32.998154       32.975903       32.953655       32.931404
       32.909153       32.886902       32.864651       32.842400       32.820145
       32.797890       32.775635       32.780491       32.758236       32.735977
       32.713718       32.691460       32.669197       32.646935       32.624672
       32.602406       32.580135       32.557865       32.535591       32.513317
       32.491039       32.468761       32.446476       32.424191       32.401905
       32.379612       32.357319       32.335022       32.312721       32.290417
       32.268112       32.245800       32.223488       32.201168       32.183735
       32.178848       32.161411       32.139084       32.116753       32.094418
